401505
6223
8549
55699
154
2494
7837
4025
7066
7173
8288
137902
5742
5743
27133
153
57157
6769
5580
79145
1187
50506
3561
26207
27166
29761
246329
56105
9600
7026
2516
55366
3756
4615
5295
23760
5306
57605
64224
11186
128368
54795
8526
1812
23620
6949
4660
8525
64928
64983
197021
2940
10019
6277
5914
6326
4659
1395
6275
6276
5795
403273
389336
54849
5420
7139
80150
80223
7225
27094
6518
6007
5874
27237
5873
114294
10235
151473
283652
2103
91057
55617
2104
51312
9242
11182
8605
6553
4048
5321
3752
284656
11236
8435
39
65992
6646
38
51310
285590
25791
10449
390010
175
23268
11274
4689
255231
5212
23607
5156
144195
55676
9644
8853
4867
2649
6242
29993
2987
408050
5159
2064
3780
9057
79719
6581
286826
96764
9208
4521
4956
4957
11023
30813
3110
5087
51804
4821
84528
10736
3217
3224
3223
10660
85474
6495
3203
80714
3167
84525
5090
90134
3087
3195
4824
3222
3233
25806
3231
26257
5133
3757
23415
131096
926
55706
5053
6999
121278
7054
2915
5916
7166
51596
961
9181
2947
2948
2949
1353
140468
9019
9056
51060
1181
2324
51135
27345
7297
3985
4739
9132
114571
3718
3751
3750
6515
3576
5663
9420
1595
5446
5444
84197
5445
25778
11252
24145
2263
26512
8737
3779
3640
133015
3560
799
5979
810
50632
6330
196264
56603
27130
2938
10006
340665
2264
6257
6878
6258
157855
2261
8809
2128
3211
360030
79960
3228
4879
84504
3201
1244
11244
3212
4990
4487
146894
100131439
55142
1071
2941
58473
10385
3235
3234
3232
3225
9625
340784
4223
3205
170825
3219
6513
257364
90203
3204
3581
10194
3611
22850
147912
57522
79770
6742
1293
6713
257144
2046
90522
54212
50615
10606
10278
1583
4881
858
9378
124056
558
6095
4920
400954
6286
6259
6273
343450
25970
10809
440097
27348
4825
7153
30011
197259
23181
3198
54101
3698
3700
3717
3716
387601
23092
201176
8631
2066
6256
4146
7010
238
7075
93627
284541
1580
4643
4641
4621
22989
57644
79784
55917
4629
4627
4430
4640
80179
7786
23475
8174
8564
23026
4690
80301
4642
2078
84264
4647
29802
23228
3782
55930
146722
4644
8022
4646
79811
8731
4233
56155
2185
10461
9308
3029
4645
4915
2946
23743
5664
339123
5428
145553
57685
598
57419
8808
2944
3786
7070
368
79072
91703
443
2911
81033
11326
2916
23394
196527
4012
95
2678
5347
780
3742
9254
51004
658
1188
340273
377677
781
6198
23416
247
374659
8398
83732
55291
4147
4804
56904
55359
120227
11213
4148
5793
9552
55589
4802
2059
763
695
10935
64856
10755
8904
22878
151835
5740
56649
64699
56934
60684
26762
64084
10188
2984
11238
5998
1292
22827
4921
390667
5334
3575
5754
3480
5747
3566
5196
171389
255967
2042
1969
2919
143
10174
91937
1896
1633
26589
896
4593
123263
1690
7504
169044
55132
114783
22853
10152
57513
6885
81578
1582
5581
5465
2967
6199
84870
56257
64092
219790
25953
54957
4058
2242
7301
5583
4620
130399
2017
5473
201299
80760
6372
10629
134429
60676
84612
160851
3645
3643
275
8711
84552
5910
11200
3699
51429
127731
1303
26027
7373
80765
25912
389941
4885
57192
79634
10641
4882
57524
6374
10205
117157
2921
58488
27148
643037
9706
4914
56910
2920
3140
25953
7412
97
1956
340205
7137
25973
6324
2697
3791
115677
100130742
79639
3759
3784
113251
1606
113278
2879
51011
2878
2882
23780
57455
1404
51324
11188
4916
3785
283417
2729
3133
3107
3106
3105
3134
5961
1592
4051
11309
9564
55041
55200
55502
4486
10458
79744
126410
23139
5052
765
22802
766
7422
51302
8884
200403
11011
3055
23623
143162
728798
1414
2050
56287
770
54107
404037
29990
101752399
115111
285220
1417
161253
2241
134265
2044
91768
167127
1291
30849
9546
10443
98
4340
342865
64943
10941
8858
56164
783
51616
91461
7046
154807
10589
79785
1459
22941
269
6883
8818
8470
92335
3728
2909
6795
133688
387103
283316
2984
6770
6197
112849
22836
22866
283455
7068
10049
23332
22983
5602
5127
1641
7621
51626
657
10239
10733
660
23474
79587
761
5707
106480180
1263
1183
100526842
9349
6139
643008
826
112817
63827
5455
129285
925
54852
25
3762
26986
6629
3486
79663
440
1607
84888
50862
2260
51593
23077
5066
57152
91526
411
7083
7084
9978
8836
80273
11222
51367
81545
403313
54704
140886
9796
1647
27316
1716
54209
6560
4878
1153
84271
117247
5930
6332
11068
54971
7052
6514
54878
493869
8666
2926
10826
51529
3815
9121
7125
5287
5935
56928
6626
290
54033
6566
4670
6251
6582
55800
391114
51285
1019
91608
113612
5878
8621
5870
23421
5218
10633
80854
9212
6790
55684
260293
3676
10769
348174
970
659
1020
9113
26524
9771
6671
759
128153
8766
6640
5681
339122
9230
10020
10139
377
378
381
58477
382
4616
1579
768
23339
10858
767
64121
5125
7025
283284
10325
2534
1938
169166
23031
389161
3656
3667
5900
158158
9585
4354
81875
3669
11267
23551
51655
718
28954
84254
771
1577
983
8558
29127
728642
4978
139716
984
139596
51755
57407
5869
8394
1018
125150
9020
255239
92129
9891
29086
9213
1316
29941
55065
11060
51479
8529
81502
1842
9201
55620
4144
10123
79465
80329
65975
4215
5867
5600
6300
4139
400566
7867
5601
22978
65267
3902
5599
65266
1432
5603
54888
84217
57109
25996
23263
2011
4140
10195
57787
3737
56650
7424
5753
7410
3746
3747
11020
1459
1457
3741
5868
84084
55288
6526
89941
138429
8395
79837
339122
347517
9657
283971
6524
51005
9367
54621
5128
10861
65018
115584
5129
26005
79077
1017
23552
64130
55327
83478
199974
1479
6009
6008
6527
121268
60482
4338
9686
10242
27094
140901
282974
55114
55351
6794
8576
2108
2109
2110
8567
202374
57582
51209
66004
6880
6528
493913
6875
50855
4216
127247
83931
9088
5586
146177
57834
27090
5585
6236
65061
84930
9364
122953
53347
79745
10229
78989
1195
53917
9894
1196
57396
57111
7367
4752
1520
79089
54577
6446
2045
256536
2872
7001
59344
94
10549
240
5468
54658
54578
54575
54576
54577
54657
242
51752
246
5610
64216
51106
7991
285852
2821
51701
80896
5454
6195
6196
56479
23089
91624
5286
127829
79858
7048
23548
60412
84100
55207
22931
26275
114132
220074
58528
2162
10907
55341
239
29923
23678
10110
23678
5563
5562
2193
8575
27292
4705
5592
8722
9322
207
644890
9874
55635
286749
11036
6456
2957
7272
8288
7076
2056
23677
208
10000
29081
55471
10621
214
5427
79660
56655
5565
5260
3266
64167
28512
1513
8408
51603
1514
2049
54986
2048
613
106480993
54769
9258
285429
5578
5566
5567
196
100129792
28511
10102
401647
151194
1512
196074
9669
7371
64418
79661
256815
170591
2592
10981
100506084
55090
81857
1783
6271
51265
388228
8999
375
442334
51373
51143
402
85443
8986
1854
54622
26225
379
9609
2182
10124
26050
2526
6091
116987
83871
64782
403
6341
51021
8814
389208
1513
1519
51184
7780
79092
23632
760
762
5110
196403
26750
894
5236
344387
57863
2636
132946
1025
57120
1024
127845
51026
2805
23328
54552
51128
1021
7879
253559
25876
9842
200894
81856
116986
79908
53919
51053
2669
221079
6386
9572
51248
1544
81790
115761
6337
84340
284161
57016
400
85476
5170
57761
6357
57410
23682
944
10361
116988
10767
1543
1591
57159
9252
29953
4676
1588
10499
9616
29964
100188893
54885
8761
4855
221545
9169
54516
9295
56108
6006
729025
8846
5326
3773
8671
5467
340075
2687
2657
10715
151742
494115
55662
10243
389677
51022
100137047
10179
10336
60675
3176
147645
54439
26471
4738
23082
10723
254439
81932
5300
59286
342667
779
54825
27247
139105
4929
1088
100532731
648
151790
3487
54583
129450
51574
55423
284759
2745
9975
5283
79863
6335
23197
79705
58517
10891
8996
3766
57446
3761
80336
8140
64081
1357
51200
1359
124626
51200
3769
286749
93979
4571
4547
4907
1358
1360
2686
6944
1072
51161
65010
220441
79027
5145
5138
3763
3764
9990
9175
1827
369
3654
7905
3770
3768
5158
9601
2806
284338
3765
3417
3758
3418
3164
10138
55347
51458
2953
9446
137362
84899
10420
23468
80019
84283
23190
11034
6327
84824
9536
23191
3760
119391
6355
79831
3485
79143
8844
7220
114815
8807
60685
3781
788
135250
353091
80328
126328
171017
57709
125336
23729
5708
1803
11343
8767
139281660
50940
255104
6545
5146
7965
286133
219899
9722
3778
5684
8440
79931
100169851
7846
10744
100049587
10171
81689
54093
782
7472
3547
63874
64129
27283
64850
25833
9781
18
8993
284349
56971
391712
23163
5152
85007
23295
10290
84171
346157
7080
388121
1028
1522
1831
8292
84937
10666
5360
5345
2668
1386
53335
10409
643596
333926
120103
8622
55929
1508
633
80790
84108
55640
147699
84063
1101
83439
57406
160857
6047
51074
26122
57628
6541
266812
27255
673
55861
55843
10846
945
2043
2958
100131378
56005
246778
84230
163033
5204
401207
4094
149603
221687
5142
51274
10126
23300
80034
91851
5067
22925
6418
11062
27115
5141
2110
8036
84964
51127
152815
641372
285362
25769
123041
56301
10912
10407
4067
79575
222236
3772
1036
23429
5143
5136
10231
10555
5137
27180
5144
64718
25864
6329
1436
1788
113540
9177
3481
54868
586
587
2322
3479
64093
146429
1837
5202
5683
124975
55167
4817
147700
5264
5673
3156
6234
353189
635
5695
5694
54784
11054
4257
151258
5682
2209
5685
5686
5689
5699
5691
206358
5696
5698
27181
23440
134553
4795
4790
634
80704
3697
10360
114908
51174
6037
5894
23194
23129
89790
53834
51733
57820
7381
375287
26043
146310
64581
100128927
55631
389118
7335
9683
4017
4507
4942
4481
1945
26994
2197
9647
23125
145581
60484
79816
79622
4680
817
90273
10095
440503
6558
55282
56954
22954
3743
92960
64118
5033
3749
642778
587
4059
9232
56964
100526693
10093
699
7016
1308
402665
5153
10293
8115
9760
4007
57611
3671
140838
56
91661
55227
143630
170691
23601
100526835
51086
121642
25822
966
203111
4796
7693
10249
84955
27044
7247
317662
11344
9865
1755
6934
3226
391123
150248
154043
642273
2764
5510
147710
5781
6576
23152
6867
9047
22937
23635
946
5139
5777
22979
10225
2230
7376
80059
83594
30812
10380
5304
200558
5688
5693
5692
2114
221120
56931
5151
50848
221833
686
5150
56882
1073
400120
6935
2862
2841
57472
1233
57105
5021
10800
2840
5724
9934
2846
2838
56834
11318
51289
2857
286530
4988
317705
391194
5030
10161
7852
2852
4985
5028
2828
2359
4986
1241
8477
2843
27199
84636
5031
2859
8111
1236
1880
117
53836
138799
1238
5737
1910
117195
2833
84109
27202
27197
390649
624
2925
57121
4829
6754
2151
29909
9034
56413
57007
51554
1234
4886
554
8843
2837
552
2358
10888
1235
346528
27334
1238
10803
79541
401427
7201
728
3579
6751
1524
6752
127062
5029
390059
2832
680
3577
10887
84634
1230
9290
124274
84539
1909
259294
623
2863
64805
128674
2357
4987
8484
11251
10663
2831
26529
81392
2847
2150
2587
56670
81472
6755
56923
2834
1240
51554
1238
2826
185
9002
187
284433
8811
116512
2532
81285
5745
26248
6753
116535
2149
5731
2865
2861
5733
126370
1394
338442
390038
390882
6870
53829
391190
27198
390061
2848
165140
353345
2867
339403
138882
2693
54328
10316
4887
2563
2798
26740
2569
9248
2565
2564
29933
338557
54329
2850
169200
2561
135946
2558
390067
2568
387129
2557
2567
81300
2555
2562
2556
5443
2560
55879
2566
119682
4923
10886
201232
341152
2554
6571
6532
2492
131450
3062
350383
23538
64106
10280
2559
3061
9512
4142
134391
6536
54716
6865
54920
28968
388662
6531
6530
6540
11254
6534
6533
6535
6530
9152
6869
6529
55584
1141
1142
6538
55117
2743
706
3973
9970
5433
5950
1138
23367
138804
401562
11211
390195
1385
26341
23376
3933
79157
49861
2720
152503
10682
83464
6570
6539
60481
80255
9227
145226
57665
112724
51635
51109
91404
57521
1136
89792
64090
1869
5949
138307
89894
10423
6017
55096
26493
79188
4634
390436
25894
8997
55711
84188
1143
442213
10992
23451
6833
54884
114880
25956
8910
26476
121441
7091
79968
51032
4633
10206
79228
23562
79446
348995
8816
55827
22872
84219
22911
54853
6801
5929
29888
79726
91833
3993
103910
10627
26118
10681
84321
27019
54468
26608
54584
5048
59345
2784
29966
2782
5191
2783
9607
26737
2906
5522
5520
6396
83743
1366
55844
9391
55884
10300
80232
1780
9184
81929
5928
1781
8945
114987
64397
1477
8668
11091
55003
55759
8726
51096
10238
23291
5356
5521
55100
84292
79023
6907
140465
10398
11151
64743
1161
84659
8480
57175
1643
5931
26100
55234
11137
4637
79084
151525
51362
7464
6554
5007
93594
51343
55339
84940
124997
51651
113091
11191
10667
57165
6716
8323
9052
8218
54875
79582
8503
127064
6547
4889
56925
6462
7181
114883
11131
114885
10002
1584
5296
259307
196743
4129
4128
221656
3060
5498
60561
10056
55787
5730
26686
57470
23762
6546
84376
1346
9167
1347
6543
283365
2235
116443
54793
259
255877
636
55315
8973
57468
9044
5902
2905
127059
5918
81618
25798
51228
4211
93517
8065
64834
89849
7223
5010
29094
25804
221044
2922
81562
145482
54498
2642
84647
23423
706
1622
414149
2172
4084
91452
23643
64746
79777
9075
5817
79796
79993
83401
114884
80173
22852
5005
57190
84320
5957
9450
2168
5045
6785
6059
9524
134492
1390
6715
8842
8326
1139
89832
2121
9717
10897
5375
390271
646486
2169
2170
2171
387934
646480
2173
2167
3241
2978
118142757
80125
728621
114879
114882
54929
114881
5926
5947
63892
116362
1381
83758
1382
5927
23504
5948
5271
5173
1620
254973
9071
7421
9340
393046
729665
3777
6927
3172
3174
152206
10352
50999
51305
253017
2800
54520
10987
773
3208
26031
121275
253782
91012
719
124093
1381
8799
341418
79644
153396
80270
100506658
4088
28977
219469
7099
7442
391195
374
231
367
5004
79632
392376
9321
286362
390275
79054
22949
84336
9424
9751
7932
1122
150275
387509
145389
54760
26539
10135
22868
284293
390151
5046
8379
286
343171
143502
390037
55937
8826
120935
29881
5528
51107
10072
5527
5534
5529
8383
22873
8318
387849
6683
5526
5525
3454
114548
551
84945
478
480
476
9379
57153
54536
3158
3157
9352
113451
64343
4359
1121
1281
79925
7127
27173
4909
219858
201625
161145
7079
283159
4803
7076
7078
55625
23463
6425
85302
213
121536
130367
1137
26659
8392
56063
64499
7177
7177
162514
9423
497258
627
4908
392138
2053
126147
284207
6423
339366
51390
5118
55314
4917
116228
286365
57122
284904
64114
29015
85363
84332
143241
84661
390199
441027
57216
165829
148867
23430
56102
442191
131601
222662
7077
496
84975
652
219995
84286
55344
86
653781
728378
72
84517
2621
10753
445582
71
58
59
728378
60
70
196410
10051
348
7855
106479861
10120
10097
2100
10121
51412
284111
25977
84433
9456
79905
6580
8800
133584
5082
55135
7090
110599583
9718
23265
51338
58475
7200
84419
26059
79913
1345
1349
201266
728695
994
89822
4168
114899
151888
6302
2542
6782
64431
10096
55860
91252
10345
55298
482
54084
284129
5827
5376
85449
401551
1889
5999
80254
64648
79690
23576
389812
773
57180
100128327
126003
80279
6121
64078
348980
610
57657
10021
138803
4638
527
28982
5584
27095
9454
79031
4794
8590
222865
400916
93129
1523
57182
6193
63910
116173
8322
8856
9080
9390
23516
1339
1337
23541
51704
2903
158798
51103
83483
118788
161247
116441
124565
493860
5228
5281
125875
10430
23254
1351
10092
340485
55652
5716
51075
10190
84817
25953
5132
7179
400746
283537
10227
2790
64924
2788
23564
9887
5590
2117
533
4995
6051
6241
784
222962
10466
5047
25998
100302736
85413
89832
126259
6517
84220
120406
6614
94235
22915
23322
254863
23047
392
84068
1371
11015
79090
57467
10203
51006
23086
11240
122553
10106
10388
6342
55758
54020
50618
27044
7248
9832
9568
340307
5493
7222
158866
