284369
1729
374882
1277
54101
924
5695
5590
23607
90480
3055
2870
63978
5566
7879
221188
6787
4817
8576
10994
26524
5894
858
8708
10006
5929
1233
659
8711
1017
8451
55884
259282
6635
2100
24145
5170
149041
7179
84066
55143
10450
25953
84197
10225
1213
4660
8945
5129
11200
165829
150275
128866
10013
79065
4288
9230
70
8085
54986
4790
7846
26234
91433
5563
3164
5520
5998
54108
6742
10987
7026
896
5928
22938
9232
6418
55002
10528
7849
54998
5753
857
1147
8621
6564
50855
51074
767
23291
5591
94081
8858
83444
90025
57761
54583
3225
64746
1513
6259
10648
57721
2593
23468
54516
81628
29775
3661
51586
6453
8301
1667
2358
185
2787
221074
120892
5777
10981
221120
200558
6446
1432
8452
3146
7170
8468
54165
2184
1234
8175
64081
4641
8607
9796
8563
55554
3678
5493
2648
114571
7252
85437
100288797
1837
6794
54629
55677
11167
4193
4957
23092
143
7273
23420
53838
29066
7531
8726
55800
5984
8362
2070
3106
8409
6310
3611
3607
83795
55735
9367
27283
23031
8725
6059
5624
84735
57787
4916
3320
2686
6257
23765
55702
9564
59272
84100
79677
196403
5734
4887
112858
4627
6396
6197
8936
6714
989
55362
3766
1136
5050
80179
1196
51593
9412
8974
7186
7097
6205
999
551
9701
1716
4486
27095
10499
2587
25824
4140
2010
2185
7386
83893
3598
91833
1029
64854
269
1977
8747
5708
10966
5645
91624
55644
84271
983
2784
26112
527
10459
187
51429
56650
23268
1398
6659
57602
11274
3190
2947
9099
25956
28996
59
23087
5598
9908
284161
83478
84292
8678
5516
2909
59271
55967
5595
11238
3181
7328
246
27076
5191
5139
4646
5501
23265
10297
2006
8365
2290
4214
408
6892
9718
286
57136
255626
7113
4313
5290
25913
27316
207
10574
55662
1155
3916
3105
10712
143241
10592
805
56923
3965
79650
53335
4988
255394
240
64216
7476
80333
2011
64395
9227
7184
9846
7412
1003
468
9590
9572
3093
23322
648
79968
51324
55929
2009
79913
90273
51616
1036
5467
56110
23559
8379
55142
345651
83639
4089
23476
3561
6517
23394
28951
2783
4436
5098
22987
3117
7157
9978
8450
5970
84937
29991
27037
5610
9860
9221
9935
2099
6691
5607
4194
23152
8826
5144
6188
23026
3437
377
30832
5824
175
55741
409
6138
8803
1181
4802
5795
84315
3315
23645
6193
8601
2091
3169
5476
116461
90379
3198
65008
79902
57007
5108
4141
2261
1460
10093
445815
8737
57460
729515
1024
81873
5874
5796
5879
23177
1153
7013
4010
54946
2861
5793
79072
9610
6732
7514
506
64768
339221
55248
8794
10146
7177
54949
3014
4615
203068
7534
57820
148
5724
861
7158
6009
3605
7247
4796
27074
8408
84445
11344
84948
2253
1437
162
22924
147700
57533
5900
55630
9184
57159
114990
9478
6733
6549
7181
150274
64837
58533
150290
6883
586
1025
5683
472
220108
64699
26994
55754
121441
8292
6208
29978
4893
4161
1975
9020
9223
29993
6668
2799
283471
3575
84709
10179
4004
27292
6613
226
973
154
4236
1956
5055
10044
4990
3920
7421
58513
84132
821
8676
8317
5196
1880
10097
23281
54888
1514
1948
90933
3824
719
3265
5351
5347
23097
55006
2660
2046
84708
79184
112849
7536
2335
5580
23411
2957
246778
3329
7905
4670
1400
4690
92104
6869
829
55684
8651
3306
3845
3720
23212
200081
22978
64135
23129
6541
94234
51574
3428
988
57122
117157
65061
5868
29966
3688
51060
5745
23491
393
5530
5058
3749
54849
7529
5781
7137
673
8356
51545
1459
10492
5690
10451
26003
5062
1803
23392
3717
4738
26517
5435
50619
2534
51164
2002
11211
5296
121457
89848
10629
51005
2771
439
8463
768
596
4007
3975
29851
28988
9128
2049
5565
57017
1633
55638
8626
8886
225689
6709
5376
84894
10345
3226
5935
1896
79770
145226
5870
53916
1630
9308
55093
29896
2307
2209
23071
7917
5663
11140
6790
4794
4609
10590
1783
54585
3304
1386
51343
2308
6386
85476
6693
652
131601
30011
124245
145389
54443
695
1543
8836
79705
826
80854
2316
9046
6780
9034
11124
6934
4205
11011
9454
10397
79890
7520
27202
10618
3831
5348
5586
5203
29126
1785
134553
8785
3953
6206
23678
11123
3151
25793
3309
11267
6276
54716
8192
51305
3993
974
2063
150684
284403
5979
124590
5954
699
8339
55239
1477
10810
57111
10956
7189
5356
817
11060
11321
11331
8519
7187
613
6604
168620
51559
201633
11315
57504
11073
11340
2107
5698
6128
1810
64805
5430
4863
58475
27289
23210
4212
9869
4223
83452
159989
84807
2740
5526
30835
89941
5817
1788
6364
25949
23113
283455
11346
6279
5156
644
51529
11116
6532
830
4100
4522
5867
6147
167691
6224
22913
79960
80005
3927
6327
117145
10000
4795
9513
5007
29765
388372
51517
9448
2926
3358
6885
26043
26051
23191
6907
6152
23095
10399
85015
221656
55133
57410
55114
5468
2065
5636
90203
3024
4792
5739
51631
6273
2859
7083
10926
994
7166
57096
57180
55759
55288
5286
58
6855
51619
51692
2844
5163
23368
649
604
1857
282974
9447
1080
200958
2263
1457
2549
27342
7010
23
257313
1072
154141
467
3284
8204
22980
80124
23064
8454
2882
728358
9975
558
51701
7248
8554
5702
10614
84661
1915
8717
8355
23429
9625
5597
10325
1520
2045
2005
25920
10262
7403
10856
4852
8440
84790
4072
112399
3846
10098
81576
7297
8939
57695
5727
866
3162
5925
24148
2669
11221
5245
3187
1308
9329
23067
122953
7533
51200
2556
842
8723
3551
10243
1019
8517
112609
7098
4199
5434
213
5584
7014
1431
26190
4091
10096
4215
56475
338761
5445
2517
2357
114801
8968
162972
8795
51371
4878
5522
25
8335
23521
149628
146050
56893
3836
9918
6570
89870
8065
10095
913
91057
51032
23162
23451
2638
9919
10568
4142
11054
3219
57120
91851
27022
79132
55831
1453
1738
7090
9146
10413
3068
11244
64377
7360
5733
9402
6124
7410
345757
4149
8428
4637
399687
2235
55117
54507
5110
4233
5709
5521
3172
55035
3640
3638
950
29946
219621
7414
22919
10677
284106
4067
121504
11129
25822
140823
23089
6236
8766
85413
9134
4302
1499
79187
7205
8343
9882
11035
5883
23043
10606
84061
10015
6202
71
22820
6232
208
10681
56931
554313
54971
5364
443
1054
388389
4842
57717
9212
6223
353345
92906
835
29945
55611
9474
91445
340547
266812
138046
668
2806
8470
56904
55930
4543
8349
9466
4659
3554
8290
6901
4218
554
8908
7046
1647
780
6513
26136
8366
3758
5071
55506
1639
10750
10580
7703
170572
1910
1198
10971
4059
5588
22915
3082
3597
91464
8358
2078
3516
286530
9177
1877
6944
5878
8800
29086
400916
3708
2765
3718
64284
8655
28984
10336
6451
54438
200403
3932
23517
367
221184
3987
8837
5884
51693
9043
10891
81620
4211
84108
3313
7991
3064
1846
26009
6231
2197
1831
8481
6286
54853
56160
64919
29761
2585
6241
139628
51100
2911
873
847
51073
5471
57470
5469
10758
23363
2782
550
1358
8363
55701
9321
3763
9379
4085
8342
4481
3671
871
3508
117283
1176
2892
6271
132141
55584
10947
9891
200916
3815
4645
8721
219931
79839
9390
6747
57599
7371
990
9500
1642
7077
51362
126328
10174
23431
9601
55028
55914
84528
135932
23762
5026
23178
55200
3801
214
10022
56970
4747
54542
54512
2318
6331
57572
1936
11326
5664
221662
51004
56998
26121
7132
51138
6830
64800
6778
4332
8935
9686
3669
3812
4056
6874
3566
26277
80243
1902
6477
1582
1138
4841
5705
1969
29763
29888
22868
23360
6847
26747
117143
9235
342574
51160
528
144195
11021
6187
2041
9653
9113
10535
2303
23433
2961
80173
56886
6546
85360
22827
7813
8357
2044
843
346689
9562
10049
6311
81034
9138
1446
2785
80207
57105
10401
10062
9967
79178
23024
1909
202374
7291
8295
11091
5500
4147
7048
4985
51725
10238
27120
348
53371
130574
51317
10010
84255
5524
282809
81603
29760
284467
79811
8344
2066
1742
6769
84219
1602
83943
2130
1396
6234
51130
9667
9238
7220
51686
56478
10657
808
7555
85509
4068
1522
9352
9530
5048
7001
623
7128
1676
2169
2885
8814
9218
1641
9546
2170
51512
51116
84859
344148
6626
6207
23054
7511
4128
8453
91608
9439
80726
9495
4629
3654
144983
8780
414149
8480
9683
253260
663
7454
3150
1111
4942
3480
2242
114884
1671
26063
80254
1021
3800
23769
57489
29121
3692
9294
948
51053
9781
2168
7918
23421
65057
144245
84651
284427
55250
6047
55216
1643
254531
11171
65258
8200
51001
10299
9025
84817
56257
9782
387129
23641
1786
29127
6880
10589
29789
253461
154214
51177
10755
6037
57175
10951
56034
5028
6749
11342
10152
84940
23632
56934
112950
7257
140461
27301
9019
6195
27247
5037
9319
3985
2064
6504
83987
8087
10458
4726
56121
5573
1795
388
11030
23406
23466
10021
2959
9657
9716
28964
6442
646817
405753
51474
4677
81559
552
56954
80273
79867
9853
7050
5612
9933
30
64130
290
22872
5587
81929
6168
285362
11045
124641
400673
11014
390
81502
55917
51744
28969
2887
9616
64760
375791
340371
7110
79729
8506
4109
54209
64978
9849
4616
27429
93408
1800
672
2300
1848
11120
9818
4799
10188
90522
998
9493
2160
27101
2512
26262
9912
9820
5216
183
10134
4914
56940
302
6385
113878
23306
10120
3673
5605
51274
114898
23204
5592
5764
3614
3423
7111
5682
5159
56683
7041
1588
246329
1852
7091
25847
25818
93380
2802
9093
5585
23743
79905
50848
157855
400591
79370
6048
25820
929
64881
56658
64838
53632
79037
10868
6788
340273
554223
8233
9774
10572
79608
10612
51400
9771
862
79008
369
89953
359948
9338
112869
2735
8353
6456
976
129285
493861
5562
1441
491
7203
54552
11316
23170
26135
84333
10818
2191
64098
80232
3215
8399
5757
196527
83932
3958
5208
22859
1447
84870
5444
2149
8368
11160
84899
3643
351
64755
6795
6876
79092
2260
64847
84305
135250
4772
2896
9636
8350
5621
1938
55355
84171
55327
1544
8361
2219
84295
6341
440163
25791
339175
3133
29997
4791
348995
57154
4904
3751
26059
25776
200894
10935
55030
51081
8664
79600
56413
8360
51143
3866
4686
51720
58477
6503
970
324
123803
10110
10367
55844
382
1385
5147
7597
3881
87
4771
54093
23770
5360
5074
2693
815
2305
25923
51348
2872
7415
92129
4907
55668
4644
10803
10736
2923
23286
81790
283635
9411
84283
55716
158798
84669
3032
7125
10634
6770
9647
116224
4163
8367
79873
6514
9091
54822
1981
84078
2994
10567
9378
5533
55758
8345
374877
2873
4830
4356
84458
5688
51109
54682
2805
221895
5934
55432
7409
3149
3208
25942
64400
55334
57449
2150
100290070
10409
8848
8099
4361
5174
1869
79664
23139
86
1399
51596
8479
660
1665
54502
11012
3183
2294
7432
9859
58517
4953
3487
11098
2217
3996
658
10130
55666
7068
10159
8030
4734
8764
27163
5910
5306
7850
131583
51704
6491
92595
140850
196
5916
245711
1163
3360
4744
6530
9013
8668
8999
5756
6125
89790
4704
3707
5465
140465
3091
3066
55863
2354
9047
91543
79922
10733
4221
8460
51077
145407
3799
80129
10228
5201
5715
10653
6133
23190
51002
10980
3188
3827
90506
598
65992
3445
5420
51209
10256
23552
5579
5127
80851
56655
6915
27237
6518
4869
2810
285641
25843
1917
84612
5142
4035
1409
9399
1325
57057
57561
23101
83658
5581
3303
338917
4676
6367
4111
5564
54622
7225
5578
7871
132014
2811
1207
5291
340527
10106
348174
3120
56137
10053
26133
54793
23568
10289
634
3275
80262
25771
5602
7266
3726
3107
84759
1174
81857
4864
2321
92960
246184
1490
8649
8359
84930
6462
116228
11222
23365
1612
3741
11117
56256
6988
9852
22852
902
81544
10116
10912
22983
142
3092
9639
2101
10494
8805
7223
23047
9182
4908
10133
2104
3069
6950
1230
845
8243
26589
154043
2665
3702
64421
6528
7388
27018
2863
10576
6199
339229
6098
81631
79139
51070
10482
27005
1121
4535
10138
5479
93624
4705
10342
84876
11343
2938
1108
66037
57409
51430
1762
6457
64064
85007
80975
80319
65018
7168
431705
27063
657
55342
389434
8881
9240
340061
10423
56134
54476
38
10394
6482
90293
3396
57763
10249
10529
1993
64714
4763
582
10552
5184
79782
10808
51299
1601
6383
5594
6045
8986
169355
22823
4311
1815
6867
3667
113457
83860
116448
10557
23197
573
644591
81545
9191
1796
3195
22806
4094
28977
5987
1843
85477
79077
23028
81889
7423
5321
51699
221937
196074
2022
5454
4861
890
7818
146456
5152
5371
22953
3021
5473
51497
25836
301
51520
23594
5354
4507
1387
26123
4489
3017
79084
79016
10627
8669
8492
9242
25998
1465
5710
3357
3795
1296
7182
64581
7150
81788
653567
1030
1535
867
1781
171023
64431
1018
29982
7321
6176
81669
5218
10320
10143
9169
64093
137868
5510
51503
23185
54765
3433
4804
9094
254228
2625
8976
3757
9368
10075
26088
389336
1487
2214
5125
23163
55577
58528
10454
5204
10368
2925
83746
10392
9219
6629
859
26986
344
375519
3798
6696
8808
7538
55699
7690
50836
1152
6238
11143
9729
57669
7428
5747
26148
2801
51253
126003
5093
5536
26013
10148
5090
115362
5947
121268
23423
11161
6011
203259
127281
54557
10469
6895
26999
83648
7341
55845
23450
433
9911
254427
222484
6217
652968
6500
28513
404552
6445
10594
9498
140460
127829
23338
51322
79858
8031
84376
7071
1943
26235
339403
100134291
627
5567
5818
23548
10193
1912
144100
55379
5529
10520
6275
80311
55815
4851
6637
7464
84265
81831
340205
55625
8575
79590
26224
10928
54575
10645
11133
25928
5463
9612
19
9391
7101
55591
7251
10369
728798
3791
22870
238
23588
338339
54704
3113
10018
23779
23246
56910
79174
132660
57798
3762
8728
4691
79595
9149
57348
51479
6137
100290651
3171
51170
6169
7852
55660
1020
8318
22907
83871
10746
27185
54790
56963
5589
1161
64718
27173
3382
6615
9510
5881
147687
26047
140735
5021
23624
4773
7319
9380
4343
192670
55596
654346
22954
10921
10214
7408
64129
54878
2615
8751
567
1508
9618
5887
1958
2800
5700
4115
55208
6929
5202
1063
259287
2114
2053
7249
81876
83707
134510
54617
782
9101
5604
81494
6720
23198
96764
6229
196441
51633
2492
57709
132724
255239
29108
60561
11157
23564
5780
1718
55723
5862
25788
4867
55011
8503
2275
50852
6835
8237
64795
11075
100131439
63876
157638
4063
56829
1859
64689
57381
11172
8577
6878
90427
3354
29781
10667
6119
4354
57559
9600
11224
11188
8797
9693
6990
5694
5771
3015
84254
3978
9828
3008
9261
23300
83878
5268
5217
390437
7431
5991
7430
10211
50999
27166
10695
662
8833
29894
1974
5305
8467
116369
123879
55135
1133
819
5689
2697
2314
10551
4682
898
2969
5966
51741
3860
16
5372
1778
116225
9531
58473
28981
1739
6376
6093
6272
5569
55697
728642
57143
6773
22866
2204
4204
5499
5352
5015
26100
8038
5519
51458
3020
8633
2566
3767
9217
944
8525
340075
5052
6804
1327
26468
4952
23677
5950
23542
121214
284067
5033
64175
11099
8036
2618
22981
9364
26260
54602
8631
7434
6627
4192
7782
4929
22878
2287
100310785
55388
3581
56125
7582
6449
54059
7095
54433
8871
63967
4173
5160
3964
5045
7756
84530
51635
11226
283518
641372
118881
23022
79574
9274
8874
8811
84662
5903
80279
6464
54955
1012
9722
151648
5411
1649
7389
5906
11051
7965
4102
27044
55620
10274
64499
79784
2967
5599
718
64318
1395
55832
3630
400
7253
10125
83743
9589
197259
79622
163590
11130
124790
4009
7301
7185
969
11186
57414
587
29953
51421
9970
405
28511
5714
8831
57528
5686
3609
389677
3084
26060
140462
2317
2289
84868
7153
10020
7791
26168
79026
727
9638
10286
57644
9669
116254
285672
723790
997
23774
55657
55041
55147
64844
55192
3178
115752
7323
51562
4722
1027
10040
283652
2548
66008
55689
10331
5692
141
49856
5886
54927
10161
79157
26053
22882
55700
5600
7076
7052
5606
6938
84289
2779
5155
8928
6455
57680
84450
11151
60482
91750
9734
2564
7535
51127
6657
100302736
4116
51084
84365
51105
387357
3725
440533
7079
64745
8761
119391
10877
79621
10769
10363
56342
7347
6352
60673
51548
6189
23136
81551
162427
9743
6625
55311
51289
57104
55236
3837
23367
50632
51435
1736
23463
84290
3619
6678
11228
2237
23125
10209
55283
5429
471
10456
2074
4999
1303
51655
3676
5130
2017
203522
5716
2874
5685
151987
1534
2034
57584
22841
9711
51428
8405
5693
636
259
2495
2267
120939
339479
5167
4653
9175
55837
8940
30820
10443
64419
7332
4166
9958
3484
23557
9715
23780
23076
54984
51329
50943
2710
4803
984
56848
2165
10127
200728
9502
55504
146722
54033
8227
8915
7381
7433
864
23640
22914
8663
23133
84524
9878
134359
8778
7786
57805
27122
9070
119180
55422
7289
116
412
79177
8905
50618
11043
9643
57169
55509
6320
960
2571
23295
8352
3568
51639
8140
2841
7867
222194
4172
54521
3839
682
3192
6789
7057
5443
4439
79698
9098
6566
2245
57506
51184
140775
79109
9202
80725
373509
56925
3359
6399
8115
273
7405
6240
39
27327
10083
284131
3973
2767
701
4515
2182
26512
29925
57642
7874
1670
57097
642273
538
8788
285016
10466
10121
3397
10236
92335
84941
6655
3875
10519
23475
55809
8202
22887
6182
5774
51552
79931
55004
8892
1154
58485
689
7532
65078
4633
11180
1101
7525
10291
55616
10298
8767
3930
5315
64072
10092
255967
374
60
9208
55957
55627
8787
7222
4084
171482
85464
51765
10200
10251
1780
868
6710
8329
6654
10380
1060
140685
203100
5743
1945
353174
79083
6935
3035
3090
81848
23239
476
50805
11335
2559
356
8045
8697
8729
3592
84678
283150
5393
773
202051
894
10048
624
10285
90070
80310
53834
65980
11252
2664
4175
29128
5601
9260
784
9306
79172
90060
65123
4117
25865
51762
10541
1073
8666
202915
149603
81285
706
79081
5034
84541
253943
7398
4882
81609
27244
5737
10735
92305
10678
10513
124739
84260
7165
9777
7088
8351
8835
10014
146562
10460
4168
4634
64983
7167
404672
84656
84699
79753
5717
9524
57826
27130
55061
6636
10036
51135
4297
2932
10270
54413
5931
79865
9031
5173
55937
1175
4987
10946
84866
1743
51015
5528
257218
8354
1044
64398
4868
10231
801
3939
1627
7039
51646
80329
22976
4582
51147
63027
23155
79607
3134
51295
60681
51592
4291
79727
85363
8665
116379
9901
55212
6300
57019
201595
84938
255877
64426
3350
2791
8558
440
84525
9318
1478
128346
51678
5893
7059
29105
23181
80342
971
27285
64787
2931
50617
11269
333
1195
27347
5339
80223
79023
6531
161291
2043
905
23131
490
10202
64753
5930
5800
2597
5864
79137
498
10213
9965
50674
1462
81565
5829
355
11168
60385
25862
138429
220441
836
4294
54414
116372
3746
23309
3903
5691
10190
54910
1390
4005
79908
7337
4643
3761
401190
900
9039
8370
7373
8019
5914
9097
11345
7480
22850
6996
4713
55167
9181
2846
8996
3241
23492
5260
23635
758
115948
5582
9615
342527
60412
6294
57498
8738
140459
1737
80139
57142
121536
7356
10102
1901
328
8533
6647
11232
11330
1523
9554
91748
5782
51194
6423
2
170692
945
7766
811
148753
9127
11275
80230
203260
5162
6157
4846
54520
10045
25803
7283
55282
23708
335
10019
3594
92689
7579
90135
10763
347730
151790
54776
22995
7706
3362
124220
6829
8754
55294
55122
5770
221421
55081
823
9456
80125
23109
1028
79102
84955
134285
7468
51307
56254
51106
55092
10640
2956
6782
10479
64900
4170
79228
56882
3418
10671
26471
54619
79744
79981
253650
978
6653
53347
26018
7324
9410
3042
89858
54461
2899
79648
64321
55850
27148
8878
2621
4978
966
10419
81608
100289299
2319
1316
3308
10844
56647
5999
51175
6401
80204
10919
10293
729230
27338
30813
967
4137
57699
7456
6154
56547
10952
23390
54206
10573
3937
1894
10767
331
2176
140707
7086
4698
11081
22889
64708
5876
55633
23729
7148
121642
79188
2832
3312
6924
2251
1026
64116
51300
136319
6815
345456
28957
1994
2649
10426
91408
23339
5538
1051
11047
11017
51056
10361
10002
192111
5518
10588
253012
9328
84312
8807
5977
22989
9659
64750
92400
6185
4188
50807
1417
11040
6256
11156
54212
115708
54554
10123
84861
401152
283208
139067
79791
5527
5212
4591
5179
55602
8364
6305
493869
1315
92609
84433
51626
1410
79961
9363
8431
6422
6121
10989
2244
114609
4292
57379
9802
80099
5423
6897
353376
8844
51496
1068
4801
79663
7517
65094
4856
2132
10061
1269
9519
246330
5338
2891
23584
56605
8336
10421
144811
89780
3344
572
27089
9392
3018
27287
338657
1595
90
56949
64210
10017
9152
5008
8900
3738
3556
57522
139596
8022
57038
6606
114294
3695
127396
432
57396
217
80324
9150
1212
5064
80335
6904
55718
23126
2569
7286
2296
80328
51078
9167
57634
147746
140901
135295
114822
1102
7133
8924
55138
3635
10521
799
54328
1613
10972
2309
136371
3339
219699
5673
29882
4209
84063
7307
79582
51412
55835
7080
29979
6856
10850
8625
85366
4544
100128927
9681
3295
10661
10605
2580
387
51277
1827
4299
4921
5515
11006
4036
130617
6251
4940
253714
10284
9295
55608
23483
11338
9404
142684
3233
345930
79875
7903
114088
10318
751867
133396
147719
4254
56993
2781
54919
57018
10682
91703
10452
64223
84548
4250
10771
374354
55742
79768
7507
5111
196483
84062
282808
23654
80755
54432
3184
4013
94121
6772
55676
30844
55704
3163
55904
53833
2617
5704
10959
2304
54677
2760
9423
113130
7681
26229
5962
1413
2001
79722
11015
51657
10963
55159
5198
5337
403
23753
3065
642938
7919
64326
57690
8819
219938
401647
7100
84668
79143
6235
84321
5571
728970
60626
2273
770
2187
140564
7549
7284
8969
9568
2793
3454
1382
57630
283385
23601
4103
81555
326
399512
10449
27430
7272
54764
8091
51072
9129
10633
4848
51046
10621
377630
1406
25966
140885
84909
892
51146
8294
10933
375
89839
283629
79714
818
4087
51564
7545
10100
5097
4902
125972
3087
4046
3656
3636
23621
8312
23382
93517
7335
11217
23112
6553
3998
79862
26036
1313
5496
85440
134492
10090
8161
4739
8641
124997
7003
4833
112770
2878
5300
2773
2949
23221
29798
5684
115677
257
940
196294
10253
151188
51199
8439
22863
140679
2138
6683
1659
2786
5407
57515
9422
11248
56001
9841
919
63905
9694
5921
25842
8322
285613
55238
148066
154791
10307
2475
64091
25939
2274
143686
4191
2113
30849
146540
8513
56674
914
54107
8732
633
1022
57089
7422
10330
8089
57592
6222
2706
54584
65003
283237
9220
6277
10420
6671
6390
83667
3217
60313
55593
55160
840
30818
166
2562
10381
55825
9984
56654
83593
2268
8829
23500
1577
55610
10165
891
53981
8792
5901
6175
6801
10534
57795
1388
83463
6672
6498
8518
4144
5318
79576
54472
7015
10957
90701
79863
83483
152206
22941
23616
10195
51377
23481
27349
503618
288
23348
2547
4521
7372
2039
55553
84647
55224
6708
10533
27040
4060
25898
51150
4689
388333
6884
92369
5047
8773
81493
5532
3759
7984
59349
1479
84125
6495
22873
57514
55810
10869
6601
9406
23551
256933
5798
8682
10617
10076
57161
10728
51185
2123
2249
333926
23283
51538
8165
3745
60485
10524
7881
6760
9229
9648
135
9706
9733
1442
3052
6515
9739
6317
3728
3142
5395
4651
23310
3572
10898
80306
154091
53832
4148
79031
4088
114881
2157
8560
90665
1455
6141
284325
3684
7016
9001
640
51466
2060
56850
9071
975
79661
1856
133522
4986
1300
116496
7124
3621
323
25937
6091
10391
92610
153
92140
6558
5754
6908
2934
55898
1173
675
11184
285220
6230
11318
51601
5133
53615
23439
79876
6421
79752
4058
91368
5801
9468
5308
63892
2189
9753
127544
11104
92714
28976
51129
8120
79012
84552
7054
4605
27
714
143888
55743
64343
27124
79763
925
83737
10078
3663
8001
4090
54929
8660
92345
54487
9968
23063
22826
5553
1616
79776
79874
2631
2798
3716
91409
86614
5422
54972
9990
4839
7391
1146
381
10215
9266
3398
309
64834
5310
6130
54726
22955
4926
114883
60491
27335
10155
7288
56992
8424
51668
10250
3737
6925
3646
84324
57109
2033
56145
2056
220359
595
339287
57649
4958
5295
7812
6426
54811
151647
79671
1510
29883
2592
81704
8398
1635
445
8471
10943
5143
9382
5279
84569
5010
9131
321
8897
79155
220134
9887
8473
56339
6741
23242
25855
29109
6608
10477
2561
151246
665
57060
57332
3371
55661
5128
2889
2241
52
25778
8100
399823
93436
54069
79089
9413
837
81554
164
6452
3790
10124
442247
230
51154
3802
27250
348980
151112
2181
3301
54536
22984
1773
3276
3489
283431
2886
10562
142940
254187
197335
6142
8346
80320
6662
7201
51368
483
1436
1654
6282
7139
1759
3983
8536
54799
2690
58488
51399
79657
81
7037
6755
91683
7314
3009
28952
57620
389421
100131509
5544
7416
11016
26040
139322
7375
9723
11034
23426
84101
3981
29110
904
1822
11142
3778
260425
26030
84787
22832
54386
64777
116362
3691
81928
57510
23107
54769
501
3174
54851
5082
222967
2280
112752
5236
65110
10970
284541
4216
10915
10246
10490
91544
10783
4000
163
79719
153562
51752
10472
25851
2494
10280
6285
9839
391634
100290337
10900
115761
79726
402
5293
1607
58504
6228
8799
10026
4753
84419
30837
10542
22822
10920
156
9690
9322
3747
5456
159
1501
9662
284654
51285
23001
54739
4478
26528
5449
9351
64170
1244
5150
23603
8851
79780
3336
28999
4909
160364
2246
9045
84144
84340
9529
147007
26973
54756
23233
80790
4086
4621
116115
54942
84502
4146
2737
79980
51103
78999
116986
1261
5936
28978
51302
51614
57511
3956
26228
148014
6135
55249
2678
6434
55345
283375
152273
116143
55172
6638
6382
5721
23336
92591
64127
91734
50813
23518
118813
1107
654364
59338
3486
51222
23327
118472
5460
9826
126299
7027
11214
5080
57524
104
389203
3838
115352
11137
55285
23253
2277
23038
6667
115426
112885
5195
84328
728194
26268
57606
5271
55132
9262
25831
11182
785
5976
83547
23400
6640
55763
144699
50484
3159
56997
5495
94005
200734
765
22
55036
29904
23144
54875
114790
1131
7411
3560
6660
340543
3577
1132
79602
64782
9844
6134
8869
64332
94137
58490
2736
51665
27183
1340
23085
79583
1515
55352
54940
8464
7855
64121
51667
10526
834
9592
94
11041
91
4915
56852
1264
4642
84727
375387
84951
54509
3742
81887
7442
150737
94086
22977
2332
163782
379
6132
3431
832
2146
55367
83608
55686
9555
84818
51588
54331
83439
51206
2288
55240
6117
9928
29098
6674
10666
23334
23195
50488
2700
6689
23432
114984
9270
2103
26469
3628
123591
2869
5669
54968
117854
29950
23371
134701
9213
329
8332
1347
55765
4281
55032
8315
9092
6252
6015
84957
285605
201299
6711
440689
23164
6505
6139
5451
5917
8215
2081
1434
55799
51011
1280
8667
54665
80150
151473
23157
6529
10556
23543
54556
440738
57456
54931
4528
8816
4860
64963
389812
59345
11128
6049
1112
9770
5089
114815
5190
347
10752
7528
92
1519
2743
148870
4899
23644
6196
64960
11009
9136
8266
10111
10136
11080
57822
1600
1032
1937
153090
27115
54468
1401
55781
3995
5915
26985
6574
5719
51809
23412
158880
10673
84970
5730
55223
54957
84687
9325
204962
57546
6373
80237
10206
2071
8706
79618
254827
8347
4759
5427
9021
26576
83939
84545
3773
51533
2048
388611
91607
10203
605
132789
57521
594855
8394
84561
2118
124801
6602
10979
10635
4171
116987
8027
5303
9627
8809
8942
375298
23199
84959
3821
23118
146439
5373
4593
2162
6811
11258
140739
64949
8546
731
55789
84632
5792
10254
9111
93343
57552
6850
6194
340385
55970
56649
10890
51141
10244
4355
6839
10141
146310
85406
80781
373
127253
1345
51142
79734
2674
154796
114879
57613
9793
23673
29956
112942
7465
10811
255252
30008
25759
9542
1775
6866
10817
153478
1949
4784
6340
124944
11127
50717
57720
55771
7542
3337
7449
51363
10892
26751
54535
90324
60314
55026
3730
83594
147166
26353
79447
4610
25841
25909
51228
64102
5819
10016
2215
5439
57560
9507
26270
55299
3205
221692
51378
9124
27086
9457
55211
54534
26010
3028
3281
9040
317719
29015
203102
754
23658
5336
7163
14
83548
116441
10140
11339
55207
23243
221150
64174
10598
84335
84330
347517
7134
4049
56144
4923
29767
26508
112714
63943
961
64376
10623
27346
8419
55012
27175
4647
29906
84313
9463
51622
8535
55823
7040
5784
117581
55070
26127
55588
10642
10437
57530
6347
9751
54843
55827
80347
25977
10487
6304
115290
116150
50945
3817
10056
526
79054
116444
1892
23413
55872
10468
10540
54785
5697
3752
146845
23328
7474
51065
22920
389
23193
55998
95
2058
6326
6261
51265
5687
8412
23019
23515
26271
57587
54801
54344
79003
64112
2313
735
10208
6046
51604
2950
64411
340307
132299
653361
9584
9196
10924
440712
1634
65117
25769
171017
958
57085
6643
7067
27036
266629
54880
55603
9110
56961
7325
29766
57728
53
11336
93145
6777
2972
10069
84881
8880
29079
6923
30851
248
343637
3006
79745
4093
8864
635
29889
54434
55816
1326
3832
9075
124626
5927
255324
378
9604
7803
80762
1763
1201
344387
200316
759
9922
29844
148281
9516
3697
81563
54778
80184
7334
10007
54943
29915
80198
374291
9536
56946
163183
2627
56984
5908
566
114548
9987
3595
79831
137886
10563
1088
8895
84875
6184
79794
56104
8277
1187
204
55023
80739
4854
5297
59286
645121
55777
4287
813
26147
7043
55038
347862
5350
7064
5019
2521
83931
57187
10848
10189
117178
9126
55125
548645
10163
283899
64855
84056
284312
223
1297
1983
51082
84307
8841
84464
83985
54935
6461
51434
2059
387522
545
121278
8861
29911
2057
2941
57799
114908
84733
55131
55128
148979
7175
10726
27023
85358
55634
3732
6370
10410
10549
1838
129685
5009
4008
79989
29124
3185
55170
25777
55646
887
1452
55851
9832
10537
54956
744
58480
6342
1947
4316
114836
9179
146
51764
51009
6318
8110
94134
6314
50
4638
4585
117177
3558
317
4055
6942
192669
4793
899
4323
1392
9577
10467
23140
65983
54361
5436
6363
7802
51284
1610
3326
190
55454
5898
7979
392
25864
6997
55054
26292
23175
4081
128153
8702
51361
6949
55770
26548
55291
51256
10197
84969
64748
23586
85021
90627
64924
83544
1967
5525
3895
7265
4139
54795
8875
79632
59344
9372
6875
686
51602
157310
5226
8553
55916
5546
338
10787
60489
55737
55692
219541
8507
239
9842
10748
56341
10486
4956
92086
1471
23385
142679
22846
5036
6368
25962
2815
6891
6258
5869
22858
10288
113146
63925
100170841
933
245973
9333
6204
6863
4155
4113
23647
1299
219749
253782
127795
91404
9727
1749
51585
387680
6539
1191
10112
4671
10425
56990
760
8125
135398
84168
3455
84447
29785
2629
8877
653404
80019
55785
51162
25780
7809
84068
81562
3182
81926
5888
100128327
283129
1144
25885
55233
29992
10910
29078
285429
8174
164684
54908
89927
3601
4741
79171
8189
2769
1789
57452
50964
114971
2705
79897
64324
3768
9133
6628
152189
131076
9342
3434
10051
3098
79027
7444
9757
6792
23114
58508
30001
58157
51062
10668
9349
30827
79643
5609
6547
753
5304
83546
388951
54531
11158
2915
51726
2167
10137
6536
2525
285527
55640
64857
6118
6832
91694
2946
1282
10296
123811
488
5787
51651
83933
221960
160622
80146
10484
23229
10474
5603
6727
22937
93979
142689
7320
26249
2069
916
27246
10713
7259
26586
26056
642
5329
84643
4695
2140
54675
23524
23650
2355
27072
64393
6582
2937
152816
57216
51535
5728
287
6622
79959
4162
3458
6303
80149
29941
79159
388962
928
8508
5264
9293
84676
23082
91137
89846
3587
8500
4319
9810
3191
90378
466
22836
51569
8870
137362
10644
1291
5537
79577
6634
81849
211
7145
8891
4913
3268
90410
64781
11216
3280
147
55703
2230
55755
54106
1660
1058
2171
54891
3131
1653
1488
284359
128674
3298
55671
93100
1445
285282
89882
8894
138199
160728
9252
8314
51335
540
10907
116840
4110
55540
6389
80199
2353
539
2790
6752
4703
10139
2962
23386
3054
1476
1911
51294
286075
401541
1876
9939
122416
7082
8993
51086
94039
54498
51547
1238
55629
1997
6774
80346
80301
221
23224
5432
7058
2108
5138
10691
55339
11031
2516
83759
8658
9559
6631
1942
83988
339302
29103
3856
9086
84844
6840
2903
118461
10273
26160
51373
56139
23404
8650
4725
6607
6183
5957
2788
9441
285
3622
2764
3481
126433
8997
59067
6502
6688
23513
8994
23102
55652
8564
8326
9255
4946
10723
6545
9521
2688
10897
692312
816
54869
81617
1500
7384
285268
9475
83706
8567
1454
1469
81572
11170
2622
10611
7178
100288072
60528
9607
1270
26284
5892
26259
1164
79064
4783
4253
57062
57455
80145
100132285
56063
256435
166979
1493
5054
1123
56950
170591
643
10278
10376
2624
5611
55512
84962
100133941
6338
1050
9862
6882
1539
138639
10094
64061
5250
55794
55906
23613
8526
128822
7336
4017
55031
8842
391004
55120
60312
55
91746
260429
53407
84991
9759
5547
80351
148156
170589
6198
51069
10435
8543
55613
55014
4680
94235
80896
8899
83732
151195
57610
2036
27348
9924
9248
2939
257169
29943
2824
55319
3608
655
11261
1655
5696
1137
10475
5707
8863
201266
51250
1809
55178
9611
1001
126823
57448
6239
79004
653499
3364
8772
29123
23376
8456
2553
10616
26027
2762
81890
7155
3662
5335
1844
8209
220001
23046
6297
8569
6595
7227
9343
54453
2908
1537
4928
9203
79869
25924
9948
4077
6605
284184
80344
29890
79400
1006
2626
9210
167681
3660
5861
578
25827
641
2563
2027
348094
284058
3299
84106
7295
6658
80298
51028
1292
9088
254122
9689
80824
57016
123355
8338
9533
51666
1861
1408
9874
2633
55247
55622
995
9311
23293
89884
7343
6218
80332
8798
55679
5902
29916
11020
2557
9815
7358
91582
9710
84220
56288
51372
93973
4693
23355
56888
284111
2052
55003
6156
1620
23288
387103
29927
1495
60481
51286
84309
3840
84172
3880
5933
79594
8777
11231
7274
140691
132320
10393
1798
11102
10105
23534
462
55166
375484
6921
2729
51027
3479
54221
552891
875
54558
50837
2554
93492
23111
6872
6375
79848
26824
6428
57617
80213
151516
53339
1854
54897
7472
10446
4318
1849
8933
11072
9817
4151
22944
51366
9855
8727
343035
25839
51107
6144
2079
22926
29074
9934
4342
200186
23127
10362
23194
5577
22853
2213
3293
2175
1397
23030
410
4174
389541
89866
27336
55227
5087
85444
3135
4756
1725
3429
5320
1142
94097
53358
2902
200895
50863
93587
10099
25980
114336
84440
639
4836
10422
145553
2158
7311
9824
8648
55145
79446
9459
64976
51318
56269
22901
3809
90850
27339
23416
5644
51247
4052
3579
399694
84259
57222
51310
3818
22950
5866
55617
23223
57605
664
4160
9112
8853
3099
6129
708
114899
1644
3384
84133
25970
2987
3224
4881
9290
173
78992
9775
8698
23014
6349
9821
163033
2888
1579
84717
6191
2803
123920
6844
55791
132864
8323
10914
22936
8867
51225
4683
4697
157657
64769
3959
5713
6999
23294
84196
5506
8818
4886
493
78994
79616
6280
116442
63827
5905
64839
2702
5837
283349
8445
83637
55790
3670
6407
177
4692
2322
64759
10559
84932
94015
11319
23787
23062
8856
580
3426
7827
8832
7224
5596
10221
54810
9135
1825
4831
84444
9755
28512
5269
78989
3059
165545
55715
5366
220594
8529
5345
3984
27159
65993
5836
908
2212
51227
5899
9892
7074
3483
51573
10316
27131
103910
10647
10940
7078
661
1746
400506
80314
5971
330
6928
4245
326624
25941
6886
57144
29998
7780
54715
28954
63928
140890
114769
387707
8402
127933
406
2037
1583
653226
9695
10
51738
6700
391123
23637
11235
93986
84867
57129
2661
3589
2936
9972
9938
3706
3672
6633
158297
54148
9158
54845
1677
140689
1314
23609
7329
257364
9804
79871
84174
259197
394
2073
80216
10955
10553
4043
23299
163059
51449
8934
54988
55234
3012
10054
219333
9445
25880
10738
3417
26146
9425
9189
51523
8636
10539
9685
55359
440503
6524
2695
28755
51026
6871
79068
9670
51773
84246
93474
50804
8216
6712
56975
4092
84557
147872
10498
3957
54457
6478
4190
7518
58516
9277
55860
51320
3603
1503
55110
2953
23381
763
165215
7448
25804
22900
64965
26097
2042
79443
55968
5230
11062
11213
26984
202559
6160
810
23532
1813
4255
3945
3735
9183
125997
1235
23132
10360
51475
55605
55631
79885
4547
51603
80313
1801
646480
51649
4998
8820
143425
23034
151194
419
55297
23474
9100
2298
9180
222643
9063
645455
222894
85403
5137
2255
55502
23378
84146
9446
151888
8927
610
57461
29937
8330
10300
22803
6523
118738
11007
50615
144363
23495
27154
3760
10241
54915
23244
57223
81833
8073
89891
81567
5618
29969
1473
4488
64843
571
4702
1211
25814
6624
728343
59307
3854
373156
10042
2186
2720
25973
8884
7070
285848
10109
11162
5775
130497
6158
10001
79036
122809
28966
55760
26354
83940
7169
85235
338674
1741
8549
54821
54737
7443
9641
8943
6402
133121
25936
148534
29117
8382
142678
4724
245972
29780
7593
51075
54431
30836
7704
2248
1756
4853
6767
5004
64798
9117
27240
6237
53918
92312
6753
8992
64794
7804
81706
26157
80746
4487
440107
54596
5873
91663
158747
55220
6470
6853
9350
8241
11218
5426
2792
55690
27180
2689
57407
23528
6329
5116
23507
347733
7486
7136
1000
3811
286826
6868
63891
51096
154197
116138
3699
3687
10207
2193
26045
9895
116173
4234
4485
129450
728242
25959
7030
51251
923
91133
9353
3933
6717
26118
27252
7873
51112
23059
26046
9420
79090
774
55578
6833
5534
388569
5711
4217
2533
8975
10430
79180
51367
55843
4012
157378
5924
85441
2960
57418
8242
8661
29984
51384
6301
2879
23345
23029
10087
9749
94120
1263
1302
3804
3490
8638
80895
2243
11103
1394
51439
349136
65975
6757
26580
26958
10072
5340
80007
359
51390
4298
444
387893
23270
5822
6416
81622
11249
4782
1414
3786
23467
8557
22808
1606
9960
118426
55090
332
6642
219738
8828
54894
5549
9114
825
6209
54951
29907
4289
26225
22929
6722
1141
4222
5699
2780
131034
5880
378108
25921
84148
51710
58511
79598
92181
5875
5252
676
943
83715
2327
57116
100132074
30846
8074
80258
2330
6598
2834
4654
3777
51530
6155
7075
26167
9491
684
2530
80700
158471
3887
10257
124808
6161
1760
6361
284119
60496
10766
8291
202333
27161
283219
2976
10672
6339
3550
80227
91768
5283
388394
80221
23462
389384
4153
2776
23041
55072
5241
84960
3765
8739
200845
9819
26261
9867
27314
6050
1351
4129
84033
9871
23646
84674
2342
22800
79035
57402
3813
51659
25876
8736
51426
6776
55105
11144
3576
3266
4736
2644
4920
55846
1605
2572
283459
10491
27235
4143
9173
146059
1540
100188893
8850
11278
55738
10772
51702
79658
5926
58491
80025
9532
9388
84191
5791
10295
139716
55466
22839
81035
80143
2264
155368
2139
685
63893
51030
26253
5094
148109
4855
51528
283869
5292
25873
55707
51433
4624
137735
10625
58190
79631
9341
94031
64975
8916
9534
8497
11146
4154
2948
79723
7018
1999
10584
5763
515
11337
117246
23424
10170
5287
26207
23598
6146
54550
116443
55421
27097
55257
6736
84901
201176
9501
8672
414062
6812
197257
131118
25806
10902
55559
9246
8239
2030
146664
51676
1039
54852
10761
54539
3784
8514
27043
8904
90655
9452
128989
8796
158506
10282
22974
9785
152137
5608
5175
79148
5104
1265
5464
5106
57636
98
124995
6122
496
8932
6440
2662
2023
150572
55024
5359
340578
6002
79637
31
7009
6103
79971
84457
2958
22918
64430
51021
2833
6432
7278
131377
23608
5091
9805
824
5378
170302
284680
79145
6497
51205
84654
1241
56479
3615
23623
55740
6550
4745
338382
78990
54517
4430
115399
311
149428
23035
23013
79682
57600
84950
6468
6366
9467
7424
65125
51550
30012
158234
1906
286133
26275
392255
9033
60436
27178
1511
6730
9702
1031
145264
29115
22948
23254
83440
26823
3954
8309
79930
7737
6203
29116
167227
2778
55768
1491
81930
23209
115106
64866
127495
10073
283078
725
6746
6837
4176
6750
60684
84898
64222
6210
79029
10575
9377
56302
55806
1411
57823
407
910
4040
10239
54913
688
151742
79853
79056
93621
29102
152559
3835
65108
55486
3872
4602
4179
65266
4133
23560
4750
9479
6510
4800
29119
23512
4673
93183
3459
54825
762
150472
1832
117
11277
644943
23142
3796
5077
2993
54187
11074
1755
4597
6751
7099
22916
10859
5261
84908
152485
23148
4862
51514
55621
7161
11334
8774
25834
441631
3911
5330
2224
23582
51560
122769
57003
80183
83461
57554
9541
51179
581
7345
7280
6263
64145
5068
9730
285367
259173
124446
9943
23235
54886
6726
9355
23266
993
23285
124404
2115
57171
64151
51124
24140
348738
55251
253190
85417
6242
5678
535
6201
84320
10135
147179
163071
8624
94101
1438
57586
5118
84277
23710
4879
388335
247
51386
10945
11036
5049
6881
1104
1129
3753
10675
8991
23098
57505
3853
84282
29799
11201
727837
6941
9061
7376
9361
5361
474343
901
8530
2848
4922
81858
3356
126353
55290
23214
7957
3698
2623
10988
6281
6548
29082
51079
27013
90678
4513
10488
6993
64446
5452
26038
6540
79730
8341
129401
9472
55739
126868
10252
153364
991
222235
9520
9197
5307
2202
51010
9512
83877
27113
10024
5294
23276
339541
7023
771
26272
5583
7042
80013
11202
650
10126
51776
51264
55095
79149
1237
3665
388468
6419
24144
7264
55909
79173
7112
121227
55788
3727
22821
392509
3240
3655
10739
92370
340706
9450
1232
841
51270
51203
57128
64786
3073
8662
8220
79169
5025
5744
54904
317662
26286
22879
54600
212
414059
25945
23196
28998
514
8411
84206
5441
23277
22986
2895
7775
8540
9879
1615
5810
23049
939
4939
1973
3221
7322
6810
25844
7544
9863
115584
779
8573
9582
6877
3394
57162
23397
84080
4145
2194
996
130013
117154
27257
1139
84690
5223
55969
64333
131368
112
93129
4735
23567
79101
3600
7221
87178
55975
79660
10717
4674
26248
5480
25796
9637
11328
2047
10240
58515
221481
55626
10445
6838
92105
64601
7436
1965
84287
2068
6181
133482
7180
6351
83394
5806
112817
6274
55635
6936
4099
10884
6143
200879
3570
7159
65005
946
9794
29947
11273
4898
8458
51605
1366
54784
57520
10983
8407
83992
220047
79018
56681
51117
1946
202134
55748
25763
22807
64682
54967
57558
29914
10314
91947
7216
23435
56957
7019
10603
6721
10329
2271
23558
6003
727738
55040
1820
1143
5718
55205
320
26750
6150
337867
920
79176
4824
1727
161424
2742
83894
4152
10586
60680
4283
26031
55922
1071
6594
11100
9276
3351
119
10749
221143
5859
5225
3925
2019
54541
10406
4350
80205
23237
9314
2147
5498
84958
54939
284451
548593
7020
9649
23051
162989
2302
376267
27352
7006
4314
27297
6890
100291837
3781
5989
9646
23122
149371
55722
6917
10725
9656
4752
66002
56901
10555
9971
1281
51422
64374
4711
129880
148022
85369
201163
22883
84619
9811
7087
8887
161582
7114
36
161742
285855
9825
54576
2770
1428
63898
9401
150864
63931
134864
2670
378807
333929
84248
10615
1475
51133
83464
6663
6955
1528
23207
51719
93210
79934
116985
26086
3921
221687
3156
22794
3140
118788
153129
8193
116984
84915
3122
254956
50944
2029
55664
5165
51119
25816
3251
79707
261734
9586
81579
5786
84456
23643
245934
2145
23219
8532
54926
10641
23228
9635
79649
84640
53841
6472
142686
84984
119710
5531
51121
728395
56915
3125
2324
23682
9961
146542
27125
51248
57337
80185
8502
22854
10656
388272
9414
327
63979
134526
5502
55818
4829
1962
64969
8539
57088
256471
6337
54916
4070
260293
10525
22934
56849
1638
941
54861
9049
114932
7419
79844
84916
10938
1984
23326
4300
122553
65009
10715
51292
92799
10403
54930
9931
23741
2639
3982
143471
165721
1268
8487
10651
94122
9453
5634
10992
51095
284695
728603
27156
83942
4883
64785
2119
23396
259266
6597
402415
26578
6355
5431
8324
162466
51035
10961
79733
159119
790
3005
3693
2687
51280
6520
9623
134
7126
120787
4502
64770
28960
4105
97
440563
5720
54797
83590
4296
9672
51097
9205
80212
5194
58525
140596
10101
113189
57178
55252
7920
8812
5681
23410
6227
5631
4678
11193
90249
23380
2817
53340
160851
653145
29087
5701
2733
51534
63929
55871
79949
56894
8605
1855
57182
4097
401138
783
2035
9486
4026
340348
55841
11236
114897
153527
9437
7056
10791
139422
55757
51493
23370
284273
10969
3785
55750
7031
8898
10923
513
7915
7798
1812
2997
80270
3157
5872
1874
583
3232
80152
117584
3075
53917
163126
638
51102
134353
56924
575
286887
51192
284
7138
79917
7294
9247
93611
5706
57661
6387
22796
84693
9055
59342
79866
9861
8644
49861
6484
200931
800
9644
9569
705
23554
509
115950
3739
3991
7753
140456
23263
10813
9575
643155
5576
54959
57663
4775
5406
27079
9557
10226
55954
388969
89890
57095
5725
22861
54820
4666
4649
116159
1359
11284
10857
5959
26995
6427
286077
128272
11033
3690
244
155185
81542
79754
10613
8743
8771
2254
7094
2894
64417
84766
55229
241
10670
23016
8079
7469
57035
293
84336
8735
9056
2826
134728
57621
123169
65267
8208
64215
3949
6136
3963
1435
11010
79888
2247
2935
253827
25870
9258
1819
8417
441150
10009
51460
57594
10579
6919
629
79760
29058
128646
874
1740
6715
147807
6623
80011
84904
3419
51068
347240
201175
6945
55623
3416
65979
374654
23158
25766
10800
390792
23555
5333
8724
348013
54455
9371
10038
79587
4780
203
158
3569
222236
118980
51013
6584
340419
80331
23304
408029
9356
55607
10913
387082
22899
5228
7327
3645
1890
10294
114132
90226
9326
5272
28956
203076
131566
9398
150248
3010
9560
51742
254773
481
10461
1891
11059
5494
10471
25930
286827
267
4656
25875
26532
113091
83698
8570
7832
55971
55705
283417
79133
10643
30833
4157
80176
3681
27236
1443
2550
642843
4880
5789
169841
9044
5053
84258
84650
523
3212
80194
9898
9833
55069
5132
3452
7392
10916
57045
3910
55183
9271
391
7527
91937
84262
6489
56956
249
5141
29800
291
5629
9926
6569
9416
57099
65991
23048
4924
122945
7490
51003
23351
51233
22885
7884
5865
91526
83734
121355
55165
10901
51319
8733
9140
728505
1200
51566
51303
186
7317
23612
608
56834
9830
79001
972
30819
3383
9373
3842
441521
220074
7741
7135
729873
80829
342096
23203
96459
55082
79739
125150
56616
56474
4761
2195
534
6358
4967
56159
65062
92344
4599
151056
9709
2919
10059
51019
1298
219927
4607
84085
1580
158038
84231
54994
81932
55572
55215
1808
138065
389658
10218
79039
3269
400961
9172
64859
29101
22985
2984
482
266747
51510
79639
1991
163786
64850
1033
4618
201181
55854
51008
6014
203328
59341
57689
4114
100
2768
55437
22943
7450
81550
64288
7638
53947
91612
10476
26052
4843
9725
57591
3189
3003
3822
143098
29959
79954
10438
92597
26099
5316
28986
51780
10628
9905
274
374355
5940
11052
84986
1806
90231
10084
90390
84232
56155
55890
79706
1968
7049
607
5997
84449
8562
126206
81611
1734
2523
4351
7447
51231
10514
196264
55857
83903
10949
8337
10144
5478
7942
64506
8021
55787
7390
85013
1337
197
83468
9245
3158
6324
694
51763
203228
29924
2121
30811
6102
115557
283933
25893
23189
79814
831
10142
738
10483
25764